%YAML:1.0
---
R: !!opencv-matrix
   rows: 3
   cols: 3
   dt: d
   data: [ 9.9993648020866455e-01, 6.1387123010382622e-03,
       -9.4526059471453563e-03, -6.2776519264168109e-03,
       9.9987165769399966e-01, -1.4739715958728628e-02,
       9.3609099022307404e-03, 1.4798119864980336e-02,
       9.9984668275404309e-01 ]
T: !!opencv-matrix
   rows: 3
   cols: 1
   dt: d
   data: [ -4.0205695338918757e+00, 3.4841870886178690e-02,
       6.9315783681349785e-01 ]
R1: !!opencv-matrix
   rows: 3
   cols: 3
   dt: d
   data: [ 9.8382666739126412e-01, -5.0033216162668230e-03,
       -1.7905321919084100e-01, 3.6288924203777247e-03,
       9.9996139241126436e-01, -8.0028011799923478e-03,
       1.7908634696592723e-01, 7.2236043447408806e-03,
       9.8380684073179225e-01 ]
R2: !!opencv-matrix
   rows: 3
   cols: 3
   dt: d
   data: [ 9.8542598049926766e-01, -8.5396072598715837e-03,
       -1.6989029420453744e-01, 9.8427845400722389e-03,
       9.9992823315302470e-01, 6.8299440676853930e-03,
       1.6981977667384576e-01, -8.4025978909587733e-03,
       9.8543931309803545e-01 ]
P1: !!opencv-matrix
   rows: 3
   cols: 4
   dt: d
   data: [ 5.1398910747263915e+02, 0., 4.6615017318725586e+02, 0., 0.,
       5.1398910747263915e+02, 2.3959422683715820e+02, 0., 0., 0., 1.,
       0. ]
P2: !!opencv-matrix
   rows: 3
   cols: 4
   dt: d
   data: [ 5.1398910747263915e+02, 0., 4.6615017318725586e+02,
       -2.0970920060477397e+03, 0., 5.1398910747263915e+02,
       2.3959422683715820e+02, 0., 0., 0., 1., 0. ]
Q: !!opencv-matrix
   rows: 4
   cols: 4
   dt: d
   data: [ 1., 0., 0., -4.6615017318725586e+02, 0., 1., 0.,
       -2.3959422683715820e+02, 0., 0., 0., 5.1398910747263915e+02, 0.,
       0., 2.4509611690396110e-01, 0. ]
