%YAML:1.0
---
M1: !!opencv-matrix
   rows: 3
   cols: 3
   dt: d
   data: [ 6.3296932941634020e+02, 0., 3.1971080500806642e+02, 0.,
       6.3553705082855458e+02, 2.3989140784899101e+02, 0., 0., 1. ]
D1: !!opencv-matrix
   rows: 1
   cols: 14
   dt: d
   data: [ 5.3092823194405517e-02, -2.0691660892912492e-01, 0., 0., 0.,
       0., 0., 5.0748244484957339e-01, 0., 0., 0., 0., 0., 0. ]
M2: !!opencv-matrix
   rows: 3
   cols: 3
   dt: d
   data: [ 6.3296932941634020e+02, 0., 3.2107229206186287e+02, 0.,
       6.3553705082855458e+02, 2.3858615926756818e+02, 0., 0., 1. ]
D2: !!opencv-matrix
   rows: 1
   cols: 14
   dt: d
   data: [ 3.6273936365487473e-02, 5.3489526167334966e-01, 0., 0., 0.,
       0., 0., 1.9080562541579322e+00, 0., 0., 0., 0., 0., 0. ]
