<?xml version="1.0"?>
<opencv_storage>
<calibration_Time>"Tue Oct  3 18:52:26 2017"</calibration_Time>
<nrOfFrames>25</nrOfFrames>
<image_Width>640</image_Width>
<image_Height>480</image_Height>
<board_Width>9</board_Width>
<board_Height>6</board_Height>
<square_Size>50.</square_Size>
<FixAspectRatio>1.</FixAspectRatio>
<!-- flags:  +fix_aspectRatio +fix_principal_point +zero_tangent_dist -->
<flagValue>14</flagValue>
<Camera_Matrix type_id="opencv-matrix">
  <rows>3</rows>
  <cols>3</cols>
  <dt>d</dt>
  <data>
    6.0840242933292768e+02 0. 320. 0. 6.0840242933292768e+02 240. 0. 0.
    1.</data></Camera_Matrix>
<Distortion_Coefficients type_id="opencv-matrix">
  <rows>5</rows>
  <cols>1</cols>
  <dt>d</dt>
  <data>
    4.2605854745660761e-02 -6.8732368862675142e-01 0. 0.
    2.2037463431049140e+00</data></Distortion_Coefficients>
<Avg_Reprojection_Error>6.8844653774541531e-01</Avg_Reprojection_Error>
<Per_View_Reprojection_Errors type_id="opencv-matrix">
  <rows>25</rows>
  <cols>1</cols>
  <dt>f</dt>
  <data>
    6.18095398e-01 6.10169530e-01 6.00634992e-01 5.83719313e-01
    6.24386311e-01 7.12824404e-01 6.29219294e-01 5.98385870e-01
    5.74616373e-01 5.75447619e-01 6.55199051e-01 6.64701998e-01
    7.46306419e-01 7.64326334e-01 7.43384778e-01 7.78748691e-01
    8.71367753e-01 9.14718628e-01 7.39517510e-01 6.49884105e-01
    6.77738607e-01 6.20717108e-01 6.65254295e-01 7.03623176e-01
    7.48995721e-01</data></Per_View_Reprojection_Errors>
<!-- a set of 6-tuples (rotation vector + translation vector) for each view -->
<Extrinsic_Parameters type_id="opencv-matrix">
  <rows>25</rows>
  <cols>6</cols>
  <dt>d</dt>
  <data>
    1.1704934207722548e-01 -3.3277343685078897e-01
    3.1002022228910318e+00 1.8026249843475756e+02 2.0449282326373154e+02
    9.5467065410958071e+02 1.2216417634730825e-01
    -3.2793467936269621e-01 3.1076918786710555e+00
    1.7407227030349537e+02 2.0465153873439129e+02 9.4920952845641818e+02
    1.1581117758843193e-01 -3.3197923867954360e-01
    3.1047180479391892e+00 1.8065321919887143e+02 1.9682397257907124e+02
    9.4579018214373025e+02 1.1341734350919304e-01
    -3.2773893295695034e-01 3.1098313245807554e+00
    1.8388973190736596e+02 1.9254770489809974e+02 9.3945551583937981e+02
    1.0055116132303808e-01 -3.3214012582513724e-01
    3.1126651202055817e+00 1.8727812660325756e+02 1.9045057726424662e+02
    9.2994829301634104e+02 1.2503268105928977e-01
    -3.8379383858456878e-01 3.0984584467994885e+00
    1.8736092525601623e+02 1.7727224933578503e+02 9.1846736798957579e+02
    1.4024128877363279e-01 -3.6079489868789688e-01
    3.1019232568148438e+00 1.9206854754049792e+02 1.4725752311851636e+02
    9.0964248250181390e+02 1.3181720038762593e-01
    -3.6239068451270590e-01 3.1062131018327284e+00
    1.8972333049495413e+02 1.2849631762122189e+02 9.0929883539324317e+02
    1.6754446926750469e-01 -3.5234386372571913e-01
    3.1038782455907419e+00 1.9035416659007805e+02 1.2317646943272017e+02
    9.1143625924340279e+02 1.7787250714993810e-01
    -3.7084043311308817e-01 3.0996326018394935e+00
    1.8956027550869308e+02 1.1393518092187811e+02 9.2685188476330848e+02
    2.1426474603185630e-01 -4.6094588530699449e-01
    3.0931652770065519e+00 2.0283076366821302e+02 9.1352653414003015e+01
    9.2763074074899555e+02 2.6507251455645847e-01
    -4.8398529197404538e-01 3.0693121323259374e+00
    2.1950577754019389e+02 5.5263664953445016e+01 8.9996132033448532e+02
    3.4521644800065560e-01 -5.2483711797170729e-01
    3.0705044942886652e+00 2.4480373716042115e+02 6.2753497744092186e+01
    8.8796440093134845e+02 -4.0056741015607294e-01
    4.9872366363321274e-01 -3.0692179187898532e+00
    3.1064636291581292e+02 9.0582545680210487e+01 8.7421548976016447e+02
    -3.6010372220191444e-01 4.5880512017213787e-01
    -3.0829316302971210e+00 3.5971842568610907e+02
    1.1337623492764605e+02 8.7717777031700723e+02
    -3.0920600406489429e-01 4.6051012751149090e-01
    -3.0883520488689222e+00 3.6938841722810724e+02
    1.3540821146277042e+02 8.8949020902755956e+02 2.1830747123075958e-01
    -4.5144929070183260e-01 3.0945379350245927e+00
    3.6118027856662349e+02 1.4393544511299066e+02 8.9899309196510217e+02
    1.0222024671771313e-01 -3.9640662225703438e-01
    3.0878515185728674e+00 3.0568351550760434e+02 1.4447380904535444e+02
    9.1270065018190940e+02 6.5566170762630313e-02
    -3.2340822270996472e-01 3.0862909229432995e+00
    2.3973635382454691e+02 1.4753693085557026e+02 9.1693524567608983e+02
    1.5436956378300183e-02 -2.7207720995233869e-01
    3.0826613923291522e+00 1.8596227998033521e+02 1.6051400848125621e+02
    9.1873553556357092e+02 -6.2814568575761710e-03
    -2.4106873034398912e-01 3.0737438145827904e+00
    1.3837180516821127e+02 1.7993393687748710e+02 9.1350999640608597e+02
    2.5726365251417277e-02 -2.3905688029580002e-01
    3.0592972174630511e+00 1.0874552356484830e+02 1.9211733202596596e+02
    9.0495547679267418e+02 6.5166499081508469e-02
    -2.0783831292154037e-01 3.0556980745425792e+00
    9.9953634044339950e+01 2.2198117683559761e+02 8.9128272152220211e+02
    8.9979512992496388e-02 -2.0520725159876313e-01
    3.0424307028028532e+00 1.0691365785337456e+02 2.4979529463406783e+02
    8.8874429259111628e+02 9.8768643184980354e-02
    -2.5143725871303824e-01 3.0453862895783890e+00
    1.1539205533916106e+02 2.6515308565789474e+02 8.9395196613343364e+02</data></Extrinsic_Parameters>
