<?xml version="1.0"?>
<opencv_storage>
<calibration_Time>"Wed Oct  4 12:55:11 2017"</calibration_Time>
<nrOfFrames>25</nrOfFrames>
<image_Width>640</image_Width>
<image_Height>480</image_Height>
<board_Width>9</board_Width>
<board_Height>6</board_Height>
<square_Size>50.</square_Size>
<FixAspectRatio>1.</FixAspectRatio>
<!-- flags:  +fix_aspectRatio +fix_principal_point +zero_tangent_dist -->
<flagValue>14</flagValue>
<Camera_Matrix type_id="opencv-matrix">
  <rows>3</rows>
  <cols>3</cols>
  <dt>d</dt>
  <data>
    8.8095889505111563e+02 0. 320. 0. 8.8095889505111563e+02 240. 0. 0.
    1.</data></Camera_Matrix>
<Distortion_Coefficients type_id="opencv-matrix">
  <rows>5</rows>
  <cols>1</cols>
  <dt>d</dt>
  <data>
    -9.0571138539760218e-02 2.7600559846868117e-01 0. 0.
    3.0184455264816218e-01</data></Distortion_Coefficients>
<Avg_Reprojection_Error>5.9737569159345882e-01</Avg_Reprojection_Error>
<Per_View_Reprojection_Errors type_id="opencv-matrix">
  <rows>25</rows>
  <cols>1</cols>
  <dt>f</dt>
  <data>
    5.45809269e-01 5.55757165e-01 5.47066212e-01 4.06365216e-01
    3.76209825e-01 4.26144779e-01 4.46514308e-01 3.84946406e-01
    4.99675155e-01 9.48703945e-01 1.04711497e+00 5.85701942e-01
    9.54842806e-01 6.80989206e-01 4.35398489e-01 7.15879440e-01
    6.25784814e-01 6.42312229e-01 4.51759279e-01 4.62389916e-01
    5.01147449e-01 6.12785816e-01 4.97285485e-01 4.05461639e-01
    5.02410233e-01</data></Per_View_Reprojection_Errors>
<!-- a set of 6-tuples (rotation vector + translation vector) for each view -->
<Extrinsic_Parameters type_id="opencv-matrix">
  <rows>25</rows>
  <cols>6</cols>
  <dt>d</dt>
  <data>
    -8.8481654960529121e-02 -1.1889274706138802e-02
    8.1600331087313974e-02 -2.3291788182715558e+02
    -1.2288857660594201e+02 8.9601243220355718e+02
    -8.6431177698633330e-02 -8.7664500678076591e-03
    7.6696062101822990e-02 -2.2862097958810278e+02
    -1.2275447093353525e+02 8.9780611149845583e+02
    -8.6743199132147217e-02 -1.0195476112093123e-02
    7.0379020880621382e-02 -2.3199767563512648e+02
    -1.1908199434631197e+02 8.9622419125798979e+02
    -7.4187249523175583e-02 -7.5318972495892556e-03
    6.6481079778048430e-02 -2.2912843615818733e+02
    -1.2558099208487030e+02 8.9399496391019818e+02
    -7.6757005208665310e-02 5.5571487199315066e-04
    6.8247982755516912e-02 -2.2390461358198391e+02
    -1.2721014031041236e+02 9.0089975457190747e+02
    -6.1151698315887161e-02 -3.8625249032203470e-03
    7.4476448318171379e-02 -2.2531045530290450e+02
    -1.4202377170208430e+02 8.9458229525423314e+02
    -4.0696519152994937e-02 -1.5485469616759435e-02
    8.0940288321801349e-02 -2.3093724330745496e+02
    -1.6046105826785572e+02 8.8823607747013671e+02
    -2.6966030801207443e-02 -1.9615082220566685e-02
    8.4057734793931513e-02 -2.3133843046544678e+02
    -1.7104039549423112e+02 8.8374527047711672e+02
    -1.9266161539961586e-02 -2.3243992431226469e-02
    8.4489527666221642e-02 -2.3435122617878315e+02
    -1.7386952997866535e+02 8.8099630721147901e+02
    -2.3716063375244571e-02 -2.5585810966558899e-02
    8.1900468371530394e-02 -2.3978892296248191e+02
    -1.6596672865846992e+02 8.8016705355224633e+02
    -4.2492929750396334e-02 -4.7368804330108101e-02
    7.4448166681197830e-02 -2.5900152286672107e+02
    -1.5641188413536580e+02 8.7864704505887801e+02
    -4.7362626099514964e-02 -6.3210564189378593e-02
    6.8451471672560063e-02 -2.6845741790770109e+02
    -1.5329032764759970e+02 8.7553577283142920e+02
    -5.2130722640414857e-02 -6.3658471954396556e-02
    6.5640615694130572e-02 -2.7469600438373106e+02
    -1.5033831060843428e+02 8.7404670407619619e+02
    -5.9958511338017946e-02 -7.9606103374891060e-02
    5.7210390955942658e-02 -2.8770824416196939e+02
    -1.4775462887336889e+02 8.7309594882518104e+02
    -4.0733755290971035e-02 3.7022492460353669e-02
    9.3406426571808907e-02 -1.8565011928087372e+02
    -1.6375332277492242e+02 9.1232774674921575e+02
    -3.8506791758053806e-02 5.4325608087813226e-02
    9.9896217413749683e-02 -1.6332620756547470e+02
    -1.6646480451020727e+02 9.2406954196308595e+02
    -5.0436980971178956e-02 7.3397859870755214e-02
    1.0844017444958327e-01 -1.4136492972654901e+02
    -1.6720941400517921e+02 9.3885114212086944e+02
    -4.7211448591577582e-02 1.0063090648795367e-01
    1.1415350826645046e-01 -1.1832264901849710e+02
    -1.7355758613583987e+02 9.4700112916932176e+02
    -3.8439984374728994e-02 1.5317652872252166e-01
    1.1708470073083546e-01 -8.0908031715013351e+01
    -1.8136136630203706e+02 9.6530349482350982e+02
    -4.7601115855173952e-02 1.8704703160228620e-01
    1.1177307328647636e-01 -6.4771308160774950e+01
    -1.7233909849693336e+02 9.9443530714364169e+02
    -7.5494143034962422e-02 1.9400775411386950e-01
    1.0108216626468303e-01 -7.6421327270602632e+01
    -1.5355492661860436e+02 1.0323200730818292e+03
    -1.2359817505079902e-01 1.6965548416804302e-01
    8.3125126165398078e-02 -1.1973004996151289e+02
    -1.1752563923354820e+02 1.0783718988903302e+03
    -1.3186757894445966e-01 1.3595529551071769e-01
    7.2012293471809083e-02 -1.5129675349332635e+02
    -1.0705673590539001e+02 1.0904194433902394e+03
    -1.2943485681309153e-01 1.1001987591677309e-01
    6.3504600151458729e-02 -1.7549746622863560e+02
    -1.0524850815826777e+02 1.0994909424825362e+03
    -1.2074164205962541e-01 1.1044549199757145e-01
    6.1422621382809295e-02 -1.7923488797609863e+02
    -1.0467692077597300e+02 1.1074775894775614e+03</data></Extrinsic_Parameters>
